aug_dim: 326
dropout: 0.6348178957116918
gamma: 0.6785973200820652
lr: 0.007321118124790723
