dropout: 0.20095312606983384
gamma: 0.9725586140170773
lr: 0.009990846860730002
