aug_dim: 590
dropout: 0.32211320924397535
gamma: 0.4938697020353131
lr: 0.00035026836576171127
