aug_dim: 807
dropout: 0.23328013736979275
gamma: 0.26215492528588097
lr: 0.0006547932374403531
