aug_dim: 354
dropout: 0.3085220638796631
gamma: 0.09606075104897385
layers: 2
lr: 0.0020201734495589718
