aug_dim: 255
dropout: 0.42657058503912676
gamma: 0.6613888590211355
layers: 2
lr: 0.008247592940761269
