aug_dim: 398
dropout: 0.8389803776883236
gamma: 0.2758428679891749
layers: 2
lr: 0.008635832317060768
