aug_dim: 218
dropout: 0.20380745867879418
gamma: 0.4328963090065174
layers: 2
lr: 0.0012870244880517996
