aug_dim: 71
dropout: 0.842230270945962
gamma: 0.00013766282803764907
layers: 2
lr: 0.00010124968467972776
