aug_dim: 568
dropout: 0.4255421235260579
gamma: 0.8680815446143447
lr: 0.001451456064488206
