aug_dim: 417
dropout: 0.4123517750012863
gamma: 0.7273954304306764
layers: 2
lr: 0.0007954033577023998
