aug_dim: 185
dropout: 0.21328727467108727
gamma: 0.5381648543509547
lr: 0.00427571280471775
