aug_dim: 399
dropout: 0.2331479782685436
gamma: 0.11791402697876702
layers: 2
lr: 0.0013111809861306857
