aug_dim: 379
dropout: 0.22093374330493493
gamma: 0.26252470265233674
lr: 0.0027698417161095557
