aug_dim: 787
dropout: 0.7761520128526477
gamma: 0.8008304791889486
lr: 0.00013284161943907723
