aug_dim: 474
dropout: 0.20406529120178613
gamma: 0.49112589389209155
layers: 2
lr: 0.0018445264363512407
