aug_dim: 236
dropout: 0.7547356676422721
gamma: 0.7562405234191624
lr: 0.06126300478347695
